1 10
100 200
201 210
900 1000
1 99999
1 1
20 10
30 10
23432 343425
999 999999
34234 12393
111 122
939 100
3 3
200 800
5930 93940
3940 56493
493 94058
939 292018
3949 29393
7075 5055
4959 50500
2011 8024
10 3000
404 2020
4737 82822
2 993884
394 9595
59959 39492
23599 448532
3949 694030
73747 383848
38215 39492
12939 493949
39593 482830
4959 7959
50969 59792
4930 4949
384 38950
4968 99706
943 45830
4858 60643
6848 58234
135 3949
34 5489
495 4556
103 292
343 5950
3929 39402
58372 39472
39210 99847
657 789
482 18283
3848 28471
100 3508
726 10229
5385 39823
982 9384
38271 56384
54 69342
299 394
150 342
18 284
348 358
345 3802
100300 500042
7598 58604
5683 2714
415377 695964
134882 384275
564581 999999
44 30
40 63
474384 499999
1285 1309
9393 29293
571 3472
4585 39020
10304 942900
9183 28384
3929 18455
68 320
392 392
797 2043
382 1000
102 101
36 97
20 82
100 300
9 3
888 30209
9 17
34828 392
9944 59992
1003 69760
589 3844
100 109
89 200
392 19745
959 219932
5837 28384
372 34829
4694 59450
492 2222
101 2929
493 70608
56 393
193 2957
4083 4952
192754 628658
788257 179303
472920 96294
718375 861360
97072 440042
8001 142275
429167 260908
871865 389277
176995 152540
226911 146898
818636 23261
622392 872905
665785 235770
442717 98711
513389 808053
42169 831575
779255 207005
840918 586982
873948 317411
573283 401975
149916 333937
2847 660107
594008 31775
66547 300770
271528 55574
714475 210872
116372 684799
703709 239905
177655 921071
134526 485525
329190 885255
719766 503355
270697 619870
484344 82409
566614 449850
561294 910872
458558 399426
216961 555207
182484 221234
340970 362979
388074 534551
337072 691681
201992 99547
722133 831328
166073 442547
227342 409444
969719 616499
435250 518880
541017 734113
984112 881498
149733 22653
533007 44789
420517 996971
500289 10920
17507 652523
78425 29987
883311 822916
937026 539590
807460 806244
963507 149320
760938 443889
813797 645842
216286 454967
502479 321988
649377 214291
879028 327300
351442 918109
201810 974973
262078 452416
413729 96717
374703 703156
632321 249635
818506 865352
135622 802012
351114 657965
983969 902256
262838 490154
522426 461995
218330 844710
223712 56349
349170 544620
685254 123427
599831 543880
396051 667888
271907 760657
969376 715845
687893 425333
155637 41284
926880 751184
149004 309723
421730 569362
64919 685603
541608 605705
623292 814718
565145 994974
240667 714041
55004 363658
167418 336912
614406 566551
570707 73580